486 
0.039458 0.266204 0.039458 0.266204 6.746466 0.239949 0.000310 0.282051 0.002975 0.016381 0.200000 0.429000 
0.044509 0.296426 0.005051 0.030223 5.983592 0.239949 0.000310 0.282051 0.002975 0.016381 0.200000 0.785000 
0.068223 0.436715 0.023714 0.140289 5.915979 0.505936 0.000310 0.282051 0.002975 0.016381 0.200000 0.429000 
0.071216 0.452642 0.002993 0.015927 5.321084 0.505936 0.000310 0.282051 0.002975 0.016381 0.200000 0.785000 
0.072901 0.461495 0.001685 0.008853 5.252990 0.239949 0.000310 0.282051 0.002975 0.016381 0.200000 1.000000 
0.073887 0.466161 0.000985 0.004666 4.735393 0.505936 0.000310 0.282051 0.002975 0.016381 0.200000 1.000000 
0.094874 0.548493 0.020987 0.082332 3.922970 1.000000 0.000310 0.282051 0.002975 0.016381 0.200000 0.429000 
0.097433 0.557841 0.002559 0.009347 3.652210 1.000000 0.000310 0.282051 0.002975 0.016381 0.200000 0.785000 
0.098246 0.560579 0.000813 0.002738 3.366426 1.000000 0.000310 0.282051 0.002975 0.016381 0.200000 1.000000 
0.108837 0.588353 0.010591 0.027775 2.622593 0.239949 0.000310 0.282051 0.002975 0.029641 0.200000 0.429000 
0.114692 0.602991 0.005855 0.014637 2.499818 0.505936 0.000310 0.282051 0.002975 0.029641 0.200000 0.429000 
0.115954 0.606144 0.001262 0.003153 2.498751 0.239949 0.000310 0.282051 0.002975 0.029641 0.200000 0.785000 
0.116650 0.607806 0.000696 0.001662 2.387050 0.505936 0.000310 0.282051 0.002975 0.029641 0.200000 0.785000 
0.117042 0.608729 0.000391 0.000924 2.361588 0.239949 0.000310 0.282051 0.002975 0.029641 0.200000 1.000000 
0.117257 0.609216 0.000215 0.000487 2.261568 0.505936 0.000310 0.282051 0.002975 0.029641 0.200000 1.000000 
0.121357 0.617806 0.004100 0.008590 2.095044 1.000000 0.000310 0.282051 0.002975 0.029641 0.200000 0.429000 
0.130333 0.636203 0.008976 0.018396 2.049480 0.239949 0.000650 0.282051 0.002975 0.016381 0.200000 0.429000 
0.130817 0.637178 0.000484 0.000975 2.015257 1.000000 0.000310 0.282051 0.002975 0.029641 0.200000 0.785000 
0.131876 0.639266 0.001059 0.002089 1.973062 0.239949 0.000650 0.282051 0.002975 0.016381 0.200000 0.785000 
0.132024 0.639552 0.000148 0.000286 1.925080 1.000000 0.000310 0.282051 0.002975 0.029641 0.200000 1.000000 
0.132348 0.640164 0.000324 0.000612 1.886541 0.239949 0.000650 0.282051 0.002975 0.016381 0.200000 1.000000 
0.150071 0.668660 0.017723 0.028496 1.607849 0.239949 0.000310 0.282051 0.007405 0.016381 0.200000 0.429000 
0.159693 0.683677 0.009621 0.015017 1.560851 0.505936 0.000310 0.282051 0.007405 0.016381 0.200000 0.429000 
0.161766 0.686912 0.002073 0.003235 1.560435 0.239949 0.000310 0.282051 0.007405 0.016381 0.200000 0.785000 
0.162890 0.688617 0.001125 0.001705 1.516130 0.505936 0.000310 0.282051 0.007405 0.016381 0.200000 0.785000 
0.163520 0.689565 0.000629 0.000948 1.505818 0.239949 0.000310 0.282051 0.007405 0.016381 0.200000 1.000000 
0.163861 0.690065 0.000341 0.000499 1.464519 0.505936 0.000310 0.282051 0.007405 0.016381 0.200000 1.000000 
0.170188 0.698878 0.006328 0.008813 1.392828 1.000000 0.000310 0.282051 0.007405 0.016381 0.200000 0.429000 
0.170926 0.699879 0.000737 0.001001 1.357107 1.000000 0.000310 0.282051 0.007405 0.016381 0.200000 0.785000 
0.171149 0.700172 0.000223 0.000293 1.315606 1.000000 0.000310 0.282051 0.007405 0.016381 0.200000 1.000000 
0.187048 0.718838 0.015900 0.018666 1.174007 0.239949 0.000310 0.538462 0.002975 0.016381 0.200000 0.429000 
0.188893 0.720957 0.001845 0.002119 1.148525 0.239949 0.000310 0.538462 0.002975 0.016381 0.200000 0.785000 
0.197477 0.730794 0.008584 0.009837 1.146011 0.505936 0.000310 0.538462 0.002975 0.016381 0.200000 0.429000 
0.206112 0.740489 0.008635 0.009695 1.122759 0.505936 0.000650 0.282051 0.002975 0.016381 0.200000 0.429000 
0.207107 0.741606 0.000996 0.001117 1.121718 0.505936 0.000310 0.538462 0.002975 0.016381 0.200000 0.785000 
0.207662 0.742226 0.000555 0.000621 1.118661 0.239949 0.000310 0.538462 0.002975 0.016381 0.200000 1.000000 
0.208663 0.743327 0.001001 0.001101 1.099431 0.505936 0.000650 0.282051 0.002975 0.016381 0.200000 0.785000 
0.208963 0.743654 0.000299 0.000327 1.093214 0.505936 0.000310 0.538462 0.002975 0.016381 0.200000 1.000000 
0.209263 0.743977 0.000301 0.000322 1.072035 0.505936 0.000650 0.282051 0.002975 0.016381 0.200000 1.000000 
0.214797 0.749750 0.005533 0.005773 1.043333 1.000000 0.000310 0.538462 0.002975 0.016381 0.200000 0.429000 
0.215437 0.750405 0.000641 0.000655 1.023159 1.000000 0.000310 0.538462 0.002975 0.016381 0.200000 0.785000 
0.215630 0.750597 0.000192 0.000192 0.999391 1.000000 0.000310 0.538462 0.002975 0.016381 0.200000 1.000000 
0.217067 0.751887 0.001438 0.001290 0.897098 0.239949 0.000650 0.538462 0.002975 0.016381 0.200000 0.429000 
0.244880 0.776470 0.027813 0.024583 0.883866 0.239949 0.000310 1.000000 0.002975 0.016381 0.200000 0.429000 
0.245046 0.776617 0.000166 0.000146 0.882143 0.239949 0.000650 0.538462 0.002975 0.016381 0.200000 0.785000 
0.248257 0.779407 0.003210 0.002791 0.869345 0.239949 0.000310 1.000000 0.002975 0.016381 0.200000 0.785000 
0.263184 0.792363 0.014927 0.012955 0.867904 0.505936 0.000310 1.000000 0.002975 0.016381 0.200000 0.429000 
0.263233 0.792405 0.000050 0.000043 0.864419 0.239949 0.000650 0.538462 0.002975 0.016381 0.200000 1.000000 
0.264956 0.793876 0.001722 0.001471 0.853899 0.505936 0.000310 1.000000 0.002975 0.016381 0.200000 0.785000 
0.265915 0.794694 0.000959 0.000818 0.852126 0.239949 0.000310 1.000000 0.002975 0.016381 0.200000 1.000000 
0.266430 0.795125 0.000515 0.000431 0.837280 0.505936 0.000310 1.000000 0.002975 0.016381 0.200000 1.000000 
0.275843 0.802728 0.009413 0.007603 0.807705 1.000000 0.000310 1.000000 0.002975 0.016381 0.200000 0.429000 
0.276928 0.803591 0.001085 0.000863 0.795561 1.000000 0.000310 1.000000 0.002975 0.016381 0.200000 0.785000 
0.277252 0.803844 0.000324 0.000253 0.781117 1.000000 0.000310 1.000000 0.002975 0.016381 0.200000 1.000000 
0.279569 0.805543 0.002317 0.001699 0.733246 0.239949 0.000650 1.000000 0.002975 0.016381 0.200000 0.429000 
0.279835 0.805735 0.000267 0.000193 0.723224 0.239949 0.000650 1.000000 0.002975 0.016381 0.200000 0.785000 
0.279915 0.805792 0.000079 0.000056 0.711267 0.239949 0.000650 1.000000 0.002975 0.016381 0.200000 1.000000 
0.280946 0.806472 0.001032 0.000680 0.659005 0.505936 0.000650 0.538462 0.002975 0.016381 0.200000 0.429000 
0.281065 0.806549 0.000119 0.000077 0.650899 0.505936 0.000650 0.538462 0.002975 0.016381 0.200000 0.785000 
0.281100 0.806572 0.000035 0.000023 0.641198 0.505936 0.000650 0.538462 0.002975 0.016381 0.200000 1.000000 
0.298668 0.817754 0.017568 0.011182 0.636502 0.239949 0.001470 0.282051 0.002975 0.016381 0.200000 0.429000 
0.300687 0.819023 0.002019 0.001270 0.628937 0.239949 0.001470 0.282051 0.002975 0.016381 0.200000 0.785000 
0.301287 0.819395 0.000600 0.000372 0.619875 0.239949 0.001470 0.282051 0.002975 0.016381 0.200000 1.000000 
0.331616 0.837484 0.030329 0.018089 0.596411 0.239949 0.000310 0.282051 0.002975 0.016381 0.521000 0.429000 
0.335098 0.839537 0.003482 0.002054 0.589763 0.239949 0.000310 0.282051 0.002975 0.016381 0.521000 0.785000 
0.351279 0.849070 0.016182 0.009533 0.589100 0.505936 0.000310 0.282051 0.002975 0.016381 0.521000 0.429000 
0.353137 0.850152 0.001858 0.001082 0.582614 0.505936 0.000310 0.282051 0.002975 0.016381 0.521000 0.785000 
0.354171 0.850754 0.001034 0.000602 0.581788 0.239949 0.000310 0.282051 0.002975 0.016381 0.521000 1.000000 
0.354723 0.851071 0.000552 0.000317 0.574829 0.505936 0.000310 0.282051 0.002975 0.016381 0.521000 1.000000 
0.356304 0.851966 0.001582 0.000895 0.566080 0.505936 0.000650 1.000000 0.002975 0.016381 0.200000 0.429000 
0.366281 0.857560 0.009977 0.005594 0.560733 1.000000 0.000310 0.282051 0.002975 0.016381 0.521000 0.429000 
0.366463 0.857662 0.000181 0.000102 0.560089 0.505936 0.000650 1.000000 0.002975 0.016381 0.200000 0.785000 
0.367607 0.858297 0.001145 0.000635 0.554853 1.000000 0.000310 0.282051 0.002975 0.016381 0.521000 0.785000 
0.367661 0.858327 0.000054 0.000030 0.552891 0.505936 0.000650 1.000000 0.002975 0.016381 0.200000 1.000000 
0.368001 0.858513 0.000340 0.000186 0.547788 1.000000 0.000310 0.282051 0.002975 0.016381 0.521000 1.000000 
0.371605 0.860400 0.003604 0.001887 0.523622 0.239949 0.000310 0.282051 0.002975 0.029641 0.521000 0.429000 
0.373523 0.861395 0.001918 0.000995 0.518537 0.505936 0.000310 0.282051 0.002975 0.029641 0.521000 0.429000 
0.373937 0.861609 0.000413 0.000214 0.518492 0.239949 0.000310 0.282051 0.002975 0.029641 0.521000 0.785000 
0.374156 0.861722 0.000220 0.000113 0.513505 0.505936 0.000310 0.282051 0.002975 0.029641 0.521000 0.785000 
0.374279 0.861785 0.000123 0.000063 0.512317 0.239949 0.000310 0.282051 0.002975 0.029641 0.521000 1.000000 
0.374344 0.861818 0.000065 0.000033 0.507449 0.505936 0.000310 0.282051 0.002975 0.029641 0.521000 1.000000 
0.375515 0.862402 0.001171 0.000584 0.498557 1.000000 0.000310 0.282051 0.002975 0.029641 0.521000 0.429000 
0.378035 0.863652 0.002521 0.001250 0.495933 0.239949 0.000650 0.282051 0.002975 0.016381 0.521000 0.429000 
0.378170 0.863718 0.000134 0.000066 0.493904 1.000000 0.000310 0.282051 0.002975 0.029641 0.521000 0.785000 
0.378458 0.863860 0.000289 0.000142 0.491328 0.239949 0.000650 0.282051 0.002975 0.016381 0.521000 0.785000 
0.378498 0.863879 0.000040 0.000019 0.488298 1.000000 0.000310 0.282051 0.002975 0.029641 0.521000 1.000000 
0.378584 0.863921 0.000086 0.000042 0.485781 0.239949 0.000650 0.282051 0.002975 0.016381 0.521000 1.000000 
0.382748 0.865857 0.004164 0.001936 0.465025 0.239949 0.000310 0.282051 0.007405 0.016381 0.521000 0.429000 
0.384961 0.866878 0.002213 0.001020 0.461011 0.505936 0.000310 0.282051 0.007405 0.016381 0.521000 0.429000 
0.385438 0.867097 0.000477 0.000220 0.460974 0.239949 0.000310 0.282051 0.007405 0.016381 0.521000 0.785000 
0.385692 0.867213 0.000253 0.000116 0.457029 0.505936 0.000310 0.282051 0.007405 0.016381 0.521000 0.785000 
0.385833 0.867278 0.000141 0.000064 0.456087 0.239949 0.000310 0.282051 0.007405 0.016381 0.521000 1.000000 
0.387556 0.868062 0.001723 0.000784 0.454988 0.239949 0.001470 0.538462 0.002975 0.016381 0.200000 0.429000 
0.387631 0.868096 0.000075 0.000034 0.452225 0.505936 0.000310 0.282051 0.007405 0.016381 0.521000 1.000000 
0.387828 0.868185 0.000197 0.000089 0.451109 0.239949 0.001470 0.538462 0.002975 0.016381 0.200000 0.785000 
0.387887 0.868211 0.000058 0.000026 0.446428 0.239949 0.001470 0.538462 0.002975 0.016381 0.200000 1.000000 
0.389232 0.868810 0.001345 0.000599 0.445150 1.000000 0.000310 0.282051 0.007405 0.016381 0.521000 0.429000 
0.389386 0.868878 0.000154 0.000068 0.441436 1.000000 0.000310 0.282051 0.007405 0.016381 0.521000 0.785000 
0.389432 0.868897 0.000046 0.000020 0.436953 1.000000 0.000310 0.282051 0.007405 0.016381 0.521000 1.000000 
0.392451 0.870166 0.003019 0.001268 0.420123 0.239949 0.000310 0.538462 0.002975 0.016381 0.521000 0.429000 
0.392796 0.870310 0.000345 0.000144 0.416814 0.239949 0.000310 0.538462 0.002975 0.016381 0.521000 0.785000 
0.394401 0.870978 0.001605 0.000668 0.416482 0.505936 0.000310 0.538462 0.002975 0.016381 0.521000 0.429000 
0.415232 0.879635 0.020831 0.008657 0.415582 0.239949 0.000310 0.282051 0.013468 0.016381 0.200000 0.429000 
0.416826 0.880294 0.001594 0.000659 0.413371 0.505936 0.000650 0.282051 0.002975 0.016381 0.521000 0.429000 
0.417010 0.880370 0.000184 0.000076 0.413230 0.505936 0.000310 0.538462 0.002975 0.016381 0.521000 0.785000 
0.417112 0.880412 0.000102 0.000042 0.412814 0.239949 0.000310 0.538462 0.002975 0.016381 0.521000 1.000000 
0.428175 0.884974 0.011063 0.004562 0.412373 0.505936 0.000310 0.282051 0.013468 0.016381 0.200000 0.429000 
0.430559 0.885957 0.002384 0.000983 0.412344 0.239949 0.000310 0.282051 0.013468 0.016381 0.200000 0.785000 
0.430741 0.886032 0.000182 0.000075 0.410167 0.505936 0.000650 0.282051 0.002975 0.016381 0.521000 0.785000 
0.430795 0.886054 0.000054 0.000022 0.409298 0.505936 0.000310 0.538462 0.002975 0.016381 0.521000 1.000000 
0.432061 0.886572 0.001266 0.000518 0.409184 0.505936 0.000310 0.282051 0.013468 0.016381 0.200000 0.785000 
0.434588 0.887605 0.002527 0.001033 0.408671 0.239949 0.001470 1.000000 0.002975 0.016381 0.200000 0.429000 
0.435293 0.887893 0.000705 0.000288 0.408429 0.239949 0.000310 0.282051 0.013468 0.016381 0.200000 1.000000 
0.435347 0.887915 0.000054 0.000022 0.406293 0.505936 0.000650 0.282051 0.002975 0.016381 0.521000 1.000000 
0.435636 0.888032 0.000289 0.000117 0.405539 0.239949 0.001470 1.000000 0.002975 0.016381 0.200000 0.785000 
0.436010 0.888184 0.000374 0.000152 0.405329 0.505936 0.000310 0.282051 0.013468 0.016381 0.200000 1.000000 
0.436986 0.888576 0.000976 0.000392 0.402101 1.000000 0.000310 0.538462 0.002975 0.016381 0.521000 0.429000 
0.437071 0.888610 0.000085 0.000034 0.401752 0.239949 0.001470 1.000000 0.002975 0.016381 0.200000 1.000000 
0.443771 0.891288 0.006700 0.002677 0.399636 1.000000 0.000310 0.282051 0.013468 0.016381 0.200000 0.429000 
0.443883 0.891332 0.000112 0.000045 0.399068 1.000000 0.000310 0.538462 0.002975 0.016381 0.521000 0.785000 
0.444649 0.891636 0.000766 0.000304 0.396640 1.000000 0.000310 0.282051 0.013468 0.016381 0.200000 0.785000 
0.444682 0.891649 0.000033 0.000013 0.395401 1.000000 0.000310 0.538462 0.002975 0.016381 0.521000 1.000000 
0.444909 0.891738 0.000227 0.000089 0.393017 1.000000 0.000310 0.282051 0.013468 0.016381 0.200000 1.000000 
0.459433 0.897428 0.014524 0.005690 0.391732 1.000000 0.000650 0.282051 0.002975 0.016381 0.200000 0.429000 
0.461094 0.898074 0.001661 0.000646 0.388854 1.000000 0.000650 0.282051 0.002975 0.016381 0.200000 0.785000 
0.505560 0.915258 0.044466 0.017184 0.386453 0.239949 0.000310 0.282051 0.002975 0.016381 1.000000 0.429000 
0.506051 0.915447 0.000491 0.000189 0.385371 1.000000 0.000650 0.282051 0.002975 0.016381 0.200000 1.000000 
0.511137 0.917398 0.005085 0.001951 0.383651 0.239949 0.000310 0.282051 0.002975 0.016381 1.000000 0.785000 
0.534759 0.926454 0.023622 0.009056 0.383370 0.505936 0.000310 0.282051 0.002975 0.016381 1.000000 0.429000 
0.537460 0.927482 0.002701 0.001028 0.380613 0.505936 0.000310 0.282051 0.002975 0.016381 1.000000 0.785000 
0.538963 0.928054 0.001503 0.000571 0.380260 0.239949 0.000310 0.282051 0.002975 0.016381 1.000000 1.000000 
0.539195 0.928142 0.000232 0.000088 0.378333 0.239949 0.000650 0.538462 0.002975 0.016381 0.521000 0.429000 
0.539993 0.928443 0.000798 0.000301 0.377275 0.505936 0.000310 0.282051 0.002975 0.016381 1.000000 1.000000 
0.544436 0.930113 0.004443 0.001670 0.375959 0.239949 0.000310 1.000000 0.002975 0.016381 0.521000 0.429000 
0.544462 0.930123 0.000026 0.000010 0.375647 0.239949 0.000650 0.538462 0.002975 0.016381 0.521000 0.785000 
0.544970 0.930313 0.000508 0.000190 0.373307 0.239949 0.000310 1.000000 0.002975 0.016381 0.521000 0.785000 
0.547330 0.931193 0.002360 0.000880 0.373041 0.505936 0.000310 1.000000 0.002975 0.016381 0.521000 0.429000 
0.547338 0.931196 0.000008 0.000003 0.372395 0.239949 0.000650 0.538462 0.002975 0.016381 0.521000 1.000000 
0.561658 0.936511 0.014320 0.005315 0.371151 1.000000 0.000310 0.282051 0.002975 0.016381 1.000000 0.429000 
0.561928 0.936611 0.000270 0.000100 0.370429 0.505936 0.000310 1.000000 0.002975 0.016381 0.521000 0.785000 
0.562078 0.936666 0.000150 0.000056 0.370095 0.239949 0.000310 1.000000 0.002975 0.016381 0.521000 1.000000 
0.563715 0.937270 0.001637 0.000603 0.368566 1.000000 0.000310 0.282051 0.002975 0.016381 1.000000 0.785000 
0.563794 0.937299 0.000080 0.000029 0.367267 0.505936 0.000310 1.000000 0.002975 0.016381 0.521000 1.000000 
0.564278 0.937476 0.000484 0.000177 0.365435 1.000000 0.000310 0.282051 0.002975 0.016381 1.000000 1.000000 
0.565707 0.937992 0.001429 0.000517 0.361461 1.000000 0.000310 1.000000 0.002975 0.016381 0.521000 0.429000 
0.565871 0.938051 0.000163 0.000059 0.359009 1.000000 0.000310 1.000000 0.002975 0.016381 0.521000 0.785000 
0.565919 0.938068 0.000048 0.000017 0.356038 1.000000 0.000310 1.000000 0.002975 0.016381 0.521000 1.000000 
0.570976 0.939861 0.005057 0.001793 0.354520 0.239949 0.000310 0.282051 0.002975 0.029641 1.000000 0.429000 
0.573659 0.940806 0.002683 0.000945 0.352182 0.505936 0.000310 0.282051 0.002975 0.029641 1.000000 0.429000 
0.574237 0.941009 0.000578 0.000204 0.352161 0.239949 0.000310 0.282051 0.002975 0.029641 1.000000 0.785000 
0.574544 0.941117 0.000307 0.000107 0.349853 0.505936 0.000310 0.282051 0.002975 0.029641 1.000000 0.785000 
0.574715 0.941176 0.000171 0.000060 0.349302 0.239949 0.000310 0.282051 0.002975 0.029641 1.000000 1.000000 
0.574805 0.941208 0.000091 0.000031 0.347031 0.505936 0.000310 0.282051 0.002975 0.029641 1.000000 1.000000 
0.575139 0.941323 0.000334 0.000115 0.345749 0.239949 0.000650 1.000000 0.002975 0.016381 0.521000 0.429000 
0.575177 0.941336 0.000038 0.000013 0.343505 0.239949 0.000650 1.000000 0.002975 0.016381 0.521000 0.785000 
0.576795 0.941891 0.001617 0.000555 0.342850 1.000000 0.000310 0.282051 0.002975 0.029641 1.000000 0.429000 
0.580271 0.943078 0.003476 0.001188 0.341607 0.239949 0.000650 0.282051 0.002975 0.016381 1.000000 0.429000 
0.580282 0.943082 0.000011 0.000004 0.340784 0.239949 0.000650 1.000000 0.002975 0.016381 0.521000 1.000000 
0.580467 0.943145 0.000185 0.000063 0.340643 1.000000 0.000310 0.282051 0.002975 0.029641 1.000000 0.785000 
0.580864 0.943280 0.000397 0.000135 0.339416 0.239949 0.000650 0.282051 0.002975 0.016381 1.000000 0.785000 
0.580919 0.943298 0.000055 0.000018 0.337967 1.000000 0.000310 0.282051 0.002975 0.029641 1.000000 1.000000 
0.581036 0.943338 0.000117 0.000039 0.336759 0.239949 0.000650 0.282051 0.002975 0.016381 1.000000 1.000000 
0.581177 0.943384 0.000141 0.000046 0.328309 0.505936 0.000650 0.538462 0.002975 0.016381 0.521000 0.429000 
0.586808 0.945224 0.005631 0.001839 0.326652 0.239949 0.000310 0.282051 0.007405 0.016381 1.000000 0.429000 
0.586824 0.945229 0.000016 0.000005 0.326285 0.505936 0.000650 0.538462 0.002975 0.016381 0.521000 0.785000 
0.589810 0.946198 0.002986 0.000969 0.324666 0.505936 0.000310 0.282051 0.007405 0.016381 1.000000 0.429000 
0.590453 0.946407 0.000643 0.000209 0.324648 0.239949 0.000310 0.282051 0.007405 0.016381 1.000000 0.785000 
0.590458 0.946409 0.000005 0.000002 0.323829 0.505936 0.000650 0.538462 0.002975 0.016381 0.521000 1.000000 
0.590799 0.946519 0.000341 0.000110 0.322686 0.505936 0.000310 0.282051 0.007405 0.016381 1.000000 0.785000 
0.593154 0.947278 0.002355 0.000760 0.322627 0.239949 0.001470 0.282051 0.002975 0.016381 0.521000 0.429000 
0.593344 0.947340 0.000190 0.000061 0.322216 0.239949 0.000310 0.282051 0.007405 0.016381 1.000000 1.000000 
0.593613 0.947426 0.000269 0.000086 0.320672 0.239949 0.001470 0.282051 0.002975 0.016381 0.521000 0.785000 
0.593714 0.947458 0.000101 0.000032 0.320284 0.505936 0.000310 0.282051 0.007405 0.016381 1.000000 1.000000 
0.593793 0.947483 0.000079 0.000025 0.318299 0.239949 0.001470 0.282051 0.002975 0.016381 0.521000 1.000000 
0.595590 0.948052 0.001796 0.000569 0.316719 1.000000 0.000310 0.282051 0.007405 0.016381 1.000000 0.429000 
0.614264 0.953945 0.018675 0.005893 0.315554 0.505936 0.001470 0.282051 0.002975 0.016381 0.200000 0.429000 
0.614469 0.954010 0.000205 0.000065 0.314834 1.000000 0.000310 0.282051 0.007405 0.016381 1.000000 0.785000 
0.615738 0.954409 0.001269 0.000399 0.314511 1.000000 0.000650 0.538462 0.002975 0.016381 0.200000 0.429000 
0.617871 0.955078 0.002133 0.000669 0.313683 0.505936 0.001470 0.282051 0.002975 0.016381 0.200000 0.785000 
0.618016 0.955123 0.000145 0.000045 0.312653 1.000000 0.000650 0.538462 0.002975 0.016381 0.200000 0.785000 
0.618076 0.955142 0.000061 0.000019 0.312547 1.000000 0.000310 0.282051 0.007405 0.016381 1.000000 1.000000 
0.618706 0.955338 0.000629 0.000196 0.311413 0.505936 0.001470 0.282051 0.002975 0.016381 0.200000 1.000000 
0.618748 0.955351 0.000043 0.000013 0.310397 1.000000 0.000650 0.538462 0.002975 0.016381 0.200000 1.000000 
0.622714 0.956556 0.003966 0.001205 0.303841 0.239949 0.000310 0.538462 0.002975 0.016381 1.000000 0.429000 
0.622914 0.956617 0.000200 0.000061 0.303490 0.505936 0.000650 1.000000 0.002975 0.016381 0.521000 0.429000 
0.623367 0.956754 0.000453 0.000137 0.302106 0.239949 0.000310 0.538462 0.002975 0.016381 1.000000 0.785000 
0.625470 0.957389 0.002103 0.000635 0.301932 0.505936 0.000310 0.538462 0.002975 0.016381 1.000000 0.429000 
0.625493 0.957396 0.000023 0.000007 0.301759 0.505936 0.000650 1.000000 0.002975 0.016381 0.521000 0.785000 
0.627577 0.958022 0.002084 0.000626 0.300293 0.505936 0.000650 0.282051 0.002975 0.016381 1.000000 0.429000 
0.627818 0.958094 0.000240 0.000072 0.300219 0.505936 0.000310 0.538462 0.002975 0.016381 1.000000 0.785000 
0.627951 0.958134 0.000134 0.000040 0.300000 0.239949 0.000310 0.538462 0.002975 0.016381 1.000000 1.000000 
0.627958 0.958136 0.000007 0.000002 0.299657 0.505936 0.000650 1.000000 0.002975 0.016381 0.521000 1.000000 
0.628196 0.958207 0.000238 0.000071 0.298599 0.505936 0.000650 0.282051 0.002975 0.016381 1.000000 0.785000 
0.628267 0.958228 0.000071 0.000021 0.298138 0.505936 0.000310 0.538462 0.002975 0.016381 1.000000 1.000000 
0.628337 0.958249 0.000070 0.000021 0.296541 0.505936 0.000650 0.282051 0.002975 0.016381 1.000000 1.000000 
0.629603 0.958621 0.001266 0.000373 0.294301 1.000000 0.000310 0.538462 0.002975 0.016381 1.000000 0.429000 
0.629748 0.958664 0.000145 0.000042 0.292673 1.000000 0.000310 0.538462 0.002975 0.016381 1.000000 0.785000 
0.631549 0.959189 0.001801 0.000525 0.291661 1.000000 0.000650 1.000000 0.002975 0.016381 0.200000 0.429000 
0.631592 0.959202 0.000043 0.000012 0.290696 1.000000 0.000310 0.538462 0.002975 0.016381 1.000000 1.000000 
0.631797 0.959261 0.000206 0.000060 0.290063 1.000000 0.000650 1.000000 0.002975 0.016381 0.200000 0.785000 
0.631858 0.959279 0.000061 0.000017 0.288120 1.000000 0.000650 1.000000 0.002975 0.016381 0.200000 1.000000 
0.632154 0.959362 0.000296 0.000083 0.281364 0.239949 0.000650 0.538462 0.002975 0.016381 1.000000 0.429000 
0.637820 0.960949 0.005666 0.001587 0.280049 0.239949 0.000310 1.000000 0.002975 0.016381 1.000000 0.429000 
0.637854 0.960958 0.000034 0.000009 0.279876 0.239949 0.000650 0.538462 0.002975 0.016381 1.000000 0.785000 
0.638501 0.961139 0.000647 0.000180 0.278575 0.239949 0.000310 1.000000 0.002975 0.016381 1.000000 0.785000 
0.641505 0.961975 0.003004 0.000836 0.278426 0.505936 0.000310 1.000000 0.002975 0.016381 1.000000 0.429000 
0.641514 0.961978 0.000010 0.000003 0.278067 0.239949 0.000650 0.538462 0.002975 0.016381 1.000000 1.000000 
0.641857 0.962073 0.000343 0.000095 0.276969 0.505936 0.000310 1.000000 0.002975 0.016381 1.000000 0.785000 
0.642048 0.962125 0.000191 0.000053 0.276782 0.239949 0.000310 1.000000 0.002975 0.016381 1.000000 1.000000 
0.642149 0.962153 0.000101 0.000028 0.275197 0.505936 0.000310 1.000000 0.002975 0.016381 1.000000 1.000000 
0.643954 0.962644 0.001805 0.000491 0.271925 1.000000 0.000310 1.000000 0.002975 0.016381 1.000000 0.429000 
0.644160 0.962700 0.000206 0.000056 0.270534 1.000000 0.000310 1.000000 0.002975 0.016381 1.000000 0.785000 
0.644221 0.962716 0.000061 0.000016 0.268844 1.000000 0.000310 1.000000 0.002975 0.016381 1.000000 1.000000 
0.644419 0.962769 0.000199 0.000053 0.268360 0.239949 0.001470 0.538462 0.002975 0.016381 0.521000 0.429000 
0.644442 0.962775 0.000023 0.000006 0.267006 0.239949 0.001470 0.538462 0.002975 0.016381 0.521000 0.785000 
0.644449 0.962777 0.000007 0.000002 0.265359 0.239949 0.001470 0.538462 0.002975 0.016381 0.521000 1.000000 
0.646017 0.963190 0.001568 0.000413 0.263449 0.505936 0.001470 0.538462 0.002975 0.016381 0.200000 0.429000 
0.646434 0.963300 0.000417 0.000110 0.262936 0.239949 0.000650 1.000000 0.002975 0.016381 1.000000 0.429000 
0.646613 0.963347 0.000179 0.000047 0.262143 0.505936 0.001470 0.538462 0.002975 0.016381 0.200000 0.785000 
0.646661 0.963359 0.000048 0.000012 0.261636 0.239949 0.000650 1.000000 0.002975 0.016381 1.000000 0.785000 
0.646713 0.963373 0.000053 0.000014 0.260556 0.505936 0.001470 0.538462 0.002975 0.016381 0.200000 1.000000 
0.646727 0.963377 0.000014 0.000004 0.260054 0.239949 0.000650 1.000000 0.002975 0.016381 1.000000 1.000000 
0.654315 0.965324 0.007588 0.001948 0.256665 0.239949 0.000310 0.538462 0.002975 0.029641 0.200000 0.429000 
0.658333 0.966351 0.004018 0.001026 0.255437 0.505936 0.000310 0.538462 0.002975 0.029641 0.200000 0.429000 
0.659199 0.966572 0.000866 0.000221 0.255426 0.239949 0.000310 0.538462 0.002975 0.029641 0.200000 0.785000 
0.659657 0.966688 0.000458 0.000117 0.254210 0.505936 0.000310 0.538462 0.002975 0.029641 0.200000 0.785000 
0.661972 0.967277 0.002315 0.000588 0.254147 0.239949 0.000310 0.282051 0.013468 0.016381 0.521000 0.429000 
0.662227 0.967341 0.000255 0.000065 0.253918 0.239949 0.000310 0.538462 0.002975 0.029641 0.200000 1.000000 
0.663453 0.967651 0.001226 0.000310 0.252943 0.505936 0.000310 0.282051 0.013468 0.016381 0.521000 0.429000 
0.663717 0.967718 0.000264 0.000067 0.252932 0.239949 0.000310 0.282051 0.013468 0.016381 0.521000 0.785000 
0.663890 0.967762 0.000174 0.000044 0.252726 0.505936 0.000650 0.538462 0.002975 0.016381 1.000000 0.429000 
0.664025 0.967796 0.000135 0.000034 0.252717 0.505936 0.000310 0.538462 0.002975 0.029641 0.200000 1.000000 
0.664165 0.967831 0.000140 0.000035 0.251740 0.505936 0.000310 0.282051 0.013468 0.016381 0.521000 0.785000 
0.664444 0.967901 0.000279 0.000070 0.251545 0.239949 0.001470 1.000000 0.002975 0.016381 0.521000 0.429000 
0.664464 0.967906 0.000020 0.000005 0.251525 0.505936 0.000650 0.538462 0.002975 0.016381 1.000000 0.785000 
0.664542 0.967926 0.000078 0.000020 0.251454 0.239949 0.000310 0.282051 0.013468 0.016381 0.521000 1.000000 
0.666946 0.968528 0.002405 0.000602 0.250492 1.000000 0.000310 0.538462 0.002975 0.029641 0.200000 0.429000 
0.666978 0.968536 0.000032 0.000008 0.250355 0.239949 0.001470 1.000000 0.002975 0.016381 0.521000 0.785000 
0.667019 0.968547 0.000041 0.000010 0.250275 0.505936 0.000310 0.282051 0.013468 0.016381 0.521000 1.000000 
0.667025 0.968548 0.000006 0.000001 0.250063 0.505936 0.000650 0.538462 0.002975 0.016381 1.000000 1.000000 
0.669920 0.969270 0.002895 0.000722 0.249346 0.239949 0.001470 0.282051 0.002975 0.016381 1.000000 0.429000 
0.670194 0.969338 0.000274 0.000068 0.249312 1.000000 0.000310 0.538462 0.002975 0.029641 0.200000 0.785000 
0.670204 0.969341 0.000009 0.000002 0.248907 0.239949 0.001470 1.000000 0.002975 0.016381 0.521000 1.000000 
0.670534 0.969423 0.000330 0.000082 0.248176 0.239949 0.001470 0.282051 0.002975 0.016381 1.000000 0.785000 
0.671267 0.969604 0.000733 0.000182 0.248093 1.000000 0.000310 0.282051 0.013468 0.016381 0.521000 0.429000 
0.671348 0.969625 0.000081 0.000020 0.247875 1.000000 0.000310 0.538462 0.002975 0.029641 0.200000 1.000000 
0.673549 0.970169 0.002201 0.000544 0.247225 0.505936 0.001470 1.000000 0.002975 0.016381 0.200000 0.429000 
0.673633 0.970189 0.000084 0.000021 0.246935 1.000000 0.000310 0.282051 0.013468 0.016381 0.521000 0.785000 
0.673730 0.970213 0.000097 0.000024 0.246753 0.239949 0.001470 0.282051 0.002975 0.016381 1.000000 1.000000 
0.673981 0.970275 0.000251 0.000062 0.246075 0.505936 0.001470 1.000000 0.002975 0.016381 0.200000 0.785000 
0.674006 0.970281 0.000025 0.000006 0.245526 1.000000 0.000310 0.282051 0.013468 0.016381 0.521000 1.000000 
0.675584 0.970668 0.001578 0.000387 0.245024 1.000000 0.000650 0.282051 0.002975 0.016381 0.521000 0.429000 
0.675658 0.970686 0.000074 0.000018 0.244676 0.505936 0.001470 1.000000 0.002975 0.016381 0.200000 1.000000 
0.675838 0.970730 0.000180 0.000044 0.243895 1.000000 0.000650 0.282051 0.002975 0.016381 0.521000 0.785000 
0.675891 0.970743 0.000053 0.000013 0.242520 1.000000 0.000650 0.282051 0.002975 0.016381 0.521000 1.000000 
0.676134 0.970801 0.000243 0.000058 0.237759 0.505936 0.000650 1.000000 0.002975 0.016381 1.000000 0.429000 
0.676161 0.970807 0.000028 0.000007 0.236695 0.505936 0.000650 1.000000 0.002975 0.016381 1.000000 0.785000 
0.676169 0.970809 0.000008 0.000002 0.235400 0.505936 0.000650 1.000000 0.002975 0.016381 1.000000 1.000000 
0.676404 0.970860 0.000235 0.000051 0.215644 0.239949 0.001470 0.538462 0.002975 0.016381 1.000000 0.429000 
0.676431 0.970865 0.000027 0.000006 0.214769 0.239949 0.001470 0.538462 0.002975 0.016381 1.000000 0.785000 
0.676439 0.970867 0.000008 0.000002 0.213702 0.239949 0.001470 0.538462 0.002975 0.016381 1.000000 1.000000 
0.678320 0.971267 0.001881 0.000400 0.212879 0.505936 0.001470 0.282051 0.002975 0.016381 0.521000 0.429000 
0.678447 0.971295 0.000128 0.000027 0.212404 1.000000 0.000650 0.538462 0.002975 0.016381 0.521000 0.429000 
0.678662 0.971340 0.000214 0.000045 0.212026 0.505936 0.001470 0.282051 0.002975 0.016381 0.521000 0.785000 
0.678676 0.971343 0.000015 0.000003 0.211555 1.000000 0.000650 0.538462 0.002975 0.016381 0.521000 0.785000 
0.678739 0.971356 0.000063 0.000013 0.210986 0.505936 0.001470 0.282051 0.002975 0.016381 0.521000 1.000000 
0.678744 0.971357 0.000004 0.000001 0.210520 1.000000 0.000650 0.538462 0.002975 0.016381 0.521000 1.000000 
0.681452 0.971916 0.002708 0.000559 0.206370 0.239949 0.000310 0.282051 0.013468 0.016381 1.000000 0.429000 
0.682884 0.972211 0.001433 0.000295 0.205575 0.505936 0.000310 0.282051 0.013468 0.016381 1.000000 0.429000 
0.683193 0.972274 0.000309 0.000063 0.205568 0.239949 0.000310 0.282051 0.013468 0.016381 1.000000 0.785000 
0.683356 0.972308 0.000163 0.000033 0.204780 0.505936 0.000310 0.282051 0.013468 0.016381 1.000000 0.785000 
0.683682 0.972374 0.000326 0.000067 0.204651 0.239949 0.001470 1.000000 0.002975 0.016381 1.000000 0.429000 
0.683773 0.972393 0.000091 0.000019 0.204590 0.239949 0.000310 0.282051 0.013468 0.016381 1.000000 1.000000 
0.683810 0.972400 0.000037 0.000008 0.203862 0.239949 0.001470 1.000000 0.002975 0.016381 1.000000 0.785000 
0.683858 0.972410 0.000048 0.000010 0.203809 0.505936 0.000310 0.282051 0.013468 0.016381 1.000000 1.000000 
0.683869 0.972412 0.000011 0.000002 0.202901 0.239949 0.001470 1.000000 0.002975 0.016381 1.000000 1.000000 
0.684723 0.972585 0.000854 0.000173 0.202360 1.000000 0.000310 0.282051 0.013468 0.016381 1.000000 0.429000 
0.684900 0.972621 0.000177 0.000036 0.201731 1.000000 0.000650 1.000000 0.002975 0.016381 0.521000 0.429000 
0.684997 0.972641 0.000097 0.000020 0.201589 1.000000 0.000310 0.282051 0.013468 0.016381 1.000000 0.785000 
0.685017 0.972645 0.000020 0.000004 0.200964 1.000000 0.000650 1.000000 0.002975 0.016381 0.521000 0.785000 
0.685046 0.972650 0.000029 0.000006 0.200649 1.000000 0.000310 0.282051 0.013468 0.016381 1.000000 1.000000 
0.686880 0.973018 0.001834 0.000367 0.200313 1.000000 0.000650 0.282051 0.002975 0.016381 1.000000 0.429000 
0.686886 0.973019 0.000006 0.000001 0.200030 1.000000 0.000650 1.000000 0.002975 0.016381 0.521000 1.000000 
0.687095 0.973060 0.000209 0.000042 0.199558 1.000000 0.000650 0.282051 0.002975 0.016381 1.000000 0.785000 
0.687156 0.973073 0.000061 0.000012 0.198637 1.000000 0.000650 0.282051 0.002975 0.016381 1.000000 1.000000 
0.700732 0.975638 0.013576 0.002565 0.188929 0.239949 0.000310 1.000000 0.002975 0.029641 0.200000 0.429000 
0.707912 0.976989 0.007180 0.001352 0.188263 0.505936 0.000310 1.000000 0.002975 0.029641 0.200000 0.429000 
0.709459 0.977280 0.001547 0.000291 0.188257 0.239949 0.000310 1.000000 0.002975 0.029641 0.200000 0.785000 
0.709608 0.977309 0.000149 0.000028 0.187819 0.505936 0.001470 0.538462 0.002975 0.016381 0.521000 0.429000 
0.710426 0.977462 0.000818 0.000153 0.187595 0.505936 0.000310 1.000000 0.002975 0.029641 0.200000 0.785000 
0.710881 0.977547 0.000455 0.000085 0.187436 0.239949 0.000310 1.000000 0.002975 0.029641 0.200000 1.000000 
0.710898 0.977551 0.000017 0.000003 0.187155 0.505936 0.001470 0.538462 0.002975 0.016381 0.521000 0.785000 
0.711139 0.977595 0.000241 0.000045 0.186781 0.505936 0.000310 1.000000 0.002975 0.029641 0.200000 1.000000 
0.711144 0.977596 0.000005 0.000001 0.186344 0.505936 0.001470 0.538462 0.002975 0.016381 0.521000 1.000000 
0.715419 0.978390 0.004275 0.000793 0.185563 1.000000 0.000310 1.000000 0.002975 0.029641 0.200000 0.429000 
0.715906 0.978480 0.000487 0.000090 0.184914 1.000000 0.000310 1.000000 0.002975 0.029641 0.200000 0.785000 
0.716624 0.978612 0.000718 0.000132 0.184345 0.239949 0.000310 0.538462 0.002975 0.029641 0.521000 0.429000 
0.716767 0.978638 0.000143 0.000026 0.184123 1.000000 0.000310 1.000000 0.002975 0.029641 0.200000 1.000000 
0.717147 0.978708 0.000380 0.000070 0.183711 0.505936 0.000310 0.538462 0.002975 0.029641 0.521000 0.429000 
0.717228 0.978723 0.000082 0.000015 0.183705 0.239949 0.000310 0.538462 0.002975 0.029641 0.521000 0.785000 
0.717272 0.978731 0.000043 0.000008 0.183076 0.505936 0.000310 0.538462 0.002975 0.029641 0.521000 0.785000 
0.717296 0.978736 0.000024 0.000004 0.182924 0.239949 0.000310 0.538462 0.002975 0.029641 0.521000 1.000000 
0.717309 0.978738 0.000013 0.000002 0.182300 0.505936 0.000310 0.538462 0.002975 0.029641 0.521000 1.000000 
0.717534 0.978779 0.000226 0.000041 0.181139 1.000000 0.000310 0.538462 0.002975 0.029641 0.521000 0.429000 
0.717560 0.978783 0.000026 0.000005 0.180521 1.000000 0.000310 0.538462 0.002975 0.029641 0.521000 0.785000 
0.717568 0.978785 0.000008 0.000001 0.179767 1.000000 0.000310 0.538462 0.002975 0.029641 0.521000 1.000000 
0.717774 0.978822 0.000206 0.000037 0.179424 0.505936 0.001470 1.000000 0.002975 0.016381 0.521000 0.429000 
0.717797 0.978826 0.000023 0.000004 0.178818 0.505936 0.001470 1.000000 0.002975 0.016381 0.521000 0.785000 
0.719931 0.979206 0.002133 0.000380 0.178303 0.505936 0.001470 0.282051 0.002975 0.016381 1.000000 0.429000 
0.719938 0.979208 0.000007 0.000001 0.178078 0.505936 0.001470 1.000000 0.002975 0.016381 0.521000 1.000000 
0.720083 0.979233 0.000145 0.000026 0.177969 1.000000 0.000650 0.538462 0.002975 0.016381 1.000000 0.429000 
0.720326 0.979277 0.000243 0.000043 0.177704 0.505936 0.001470 0.282051 0.002975 0.016381 1.000000 0.785000 
0.720342 0.979280 0.000016 0.000003 0.177373 1.000000 0.000650 0.538462 0.002975 0.016381 1.000000 0.785000 
0.720414 0.979292 0.000071 0.000013 0.176973 0.505936 0.001470 0.282051 0.002975 0.016381 1.000000 1.000000 
0.720418 0.979293 0.000005 0.000001 0.176644 1.000000 0.000650 0.538462 0.002975 0.016381 1.000000 1.000000 
0.720617 0.979327 0.000199 0.000034 0.170414 1.000000 0.000650 1.000000 0.002975 0.016381 1.000000 0.429000 
0.720640 0.979331 0.000023 0.000004 0.169867 1.000000 0.000650 1.000000 0.002975 0.016381 1.000000 0.785000 
0.720647 0.979332 0.000007 0.000001 0.169199 1.000000 0.000650 1.000000 0.002975 0.016381 1.000000 1.000000 
0.720813 0.979359 0.000166 0.000027 0.160379 0.505936 0.001470 0.538462 0.002975 0.016381 1.000000 0.429000 
0.720832 0.979362 0.000019 0.000003 0.159895 0.505936 0.001470 0.538462 0.002975 0.016381 1.000000 0.785000 
0.720837 0.979363 0.000006 0.000001 0.159303 0.505936 0.001470 0.538462 0.002975 0.016381 1.000000 1.000000 
0.721634 0.979488 0.000797 0.000126 0.157840 0.239949 0.000310 0.538462 0.002975 0.029641 1.000000 0.429000 
0.722055 0.979555 0.000421 0.000066 0.157374 0.505936 0.000310 0.538462 0.002975 0.029641 1.000000 0.429000 
0.722146 0.979569 0.000091 0.000014 0.157370 0.239949 0.000310 0.538462 0.002975 0.029641 1.000000 0.785000 
0.722194 0.979576 0.000048 0.000008 0.156908 0.505936 0.000310 0.538462 0.002975 0.029641 1.000000 0.785000 
0.722220 0.979580 0.000027 0.000004 0.156797 0.239949 0.000310 0.538462 0.002975 0.029641 1.000000 1.000000 
0.722234 0.979583 0.000014 0.000002 0.156338 0.505936 0.000310 0.538462 0.002975 0.029641 1.000000 1.000000 
0.722484 0.979622 0.000250 0.000039 0.155483 1.000000 0.000310 0.538462 0.002975 0.029641 1.000000 0.429000 
0.722513 0.979626 0.000028 0.000004 0.155028 1.000000 0.000310 0.538462 0.002975 0.029641 1.000000 0.785000 
0.722521 0.979627 0.000008 0.000001 0.154471 1.000000 0.000310 0.538462 0.002975 0.029641 1.000000 1.000000 
0.722749 0.979662 0.000228 0.000035 0.154218 0.505936 0.001470 1.000000 0.002975 0.016381 1.000000 0.429000 
0.722775 0.979666 0.000026 0.000004 0.153770 0.505936 0.001470 1.000000 0.002975 0.016381 1.000000 0.785000 
0.722783 0.979668 0.000008 0.000001 0.153222 0.505936 0.001470 1.000000 0.002975 0.016381 1.000000 1.000000 
0.723971 0.979842 0.001189 0.000174 0.146596 0.239949 0.000310 1.000000 0.002975 0.029641 0.521000 0.429000 
0.724600 0.979934 0.000628 0.000092 0.146195 0.505936 0.000310 1.000000 0.002975 0.029641 0.521000 0.429000 
0.724735 0.979953 0.000135 0.000020 0.146191 0.239949 0.000310 1.000000 0.002975 0.029641 0.521000 0.785000 
0.724807 0.979964 0.000072 0.000010 0.145792 0.505936 0.000310 1.000000 0.002975 0.029641 0.521000 0.785000 
0.724846 0.979970 0.000040 0.000006 0.145696 0.239949 0.000310 1.000000 0.002975 0.029641 0.521000 1.000000 
0.724867 0.979973 0.000021 0.000003 0.145299 0.505936 0.000310 1.000000 0.002975 0.029641 0.521000 1.000000 
0.725240 0.980027 0.000373 0.000054 0.144561 1.000000 0.000310 1.000000 0.002975 0.029641 0.521000 0.429000 
0.725283 0.980033 0.000042 0.000006 0.144167 1.000000 0.000310 1.000000 0.002975 0.029641 0.521000 0.785000 
0.725295 0.980035 0.000012 0.000002 0.143686 1.000000 0.000310 1.000000 0.002975 0.029641 0.521000 1.000000 
0.739314 0.982033 0.014019 0.001998 0.142530 0.239949 0.000310 0.538462 0.007405 0.016381 0.200000 0.429000 
0.746722 0.983086 0.007408 0.001053 0.142151 0.505936 0.000310 0.538462 0.007405 0.016381 0.200000 0.429000 
0.748318 0.983313 0.001596 0.000227 0.142147 0.239949 0.000310 0.538462 0.007405 0.016381 0.200000 0.785000 
0.749161 0.983432 0.000843 0.000120 0.141770 0.505936 0.000310 0.538462 0.007405 0.016381 0.200000 0.785000 
0.749630 0.983499 0.000469 0.000066 0.141679 0.239949 0.000310 0.538462 0.007405 0.016381 0.200000 1.000000 
0.749878 0.983534 0.000248 0.000035 0.141304 0.505936 0.000310 0.538462 0.007405 0.016381 0.200000 1.000000 
0.754273 0.984152 0.004395 0.000618 0.140606 1.000000 0.000310 0.538462 0.007405 0.016381 0.200000 0.429000 
0.754774 0.984222 0.000500 0.000070 0.140233 1.000000 0.000310 0.538462 0.007405 0.016381 0.200000 0.785000 
0.754921 0.984242 0.000147 0.000021 0.139778 1.000000 0.000310 0.538462 0.007405 0.016381 0.200000 1.000000 
0.756201 0.984408 0.001280 0.000166 0.129326 0.239949 0.000310 1.000000 0.002975 0.029641 1.000000 0.429000 
0.756877 0.984495 0.000676 0.000087 0.129013 0.505936 0.000310 1.000000 0.002975 0.029641 1.000000 0.429000 
0.757023 0.984514 0.000146 0.000019 0.129010 0.239949 0.000310 1.000000 0.002975 0.029641 1.000000 0.785000 
0.757100 0.984524 0.000077 0.000010 0.128700 0.505936 0.000310 1.000000 0.002975 0.029641 1.000000 0.785000 
0.757143 0.984529 0.000043 0.000006 0.128625 0.239949 0.000310 1.000000 0.002975 0.029641 1.000000 1.000000 
0.757165 0.984532 0.000023 0.000003 0.128316 0.505936 0.000310 1.000000 0.002975 0.029641 1.000000 1.000000 
0.757566 0.984583 0.000401 0.000051 0.127740 1.000000 0.000310 1.000000 0.002975 0.029641 1.000000 0.429000 
0.757612 0.984589 0.000046 0.000006 0.127432 1.000000 0.000310 1.000000 0.002975 0.029641 1.000000 0.785000 
0.757625 0.984591 0.000013 0.000002 0.127056 1.000000 0.000310 1.000000 0.002975 0.029641 1.000000 1.000000 
0.758785 0.984727 0.001160 0.000136 0.117034 0.239949 0.000310 0.538462 0.007405 0.016381 0.521000 0.429000 
0.759398 0.984798 0.000613 0.000072 0.116778 0.505936 0.000310 0.538462 0.007405 0.016381 0.521000 0.429000 
0.759530 0.984814 0.000132 0.000015 0.116776 0.239949 0.000310 0.538462 0.007405 0.016381 0.521000 0.785000 
0.759600 0.984822 0.000070 0.000008 0.116521 0.505936 0.000310 0.538462 0.007405 0.016381 0.521000 0.785000 
0.759639 0.984826 0.000039 0.000005 0.116459 0.239949 0.000310 0.538462 0.007405 0.016381 0.521000 1.000000 
0.759659 0.984829 0.000020 0.000002 0.116206 0.505936 0.000310 0.538462 0.007405 0.016381 0.521000 1.000000 
0.760022 0.984871 0.000363 0.000042 0.115733 1.000000 0.000310 0.538462 0.007405 0.016381 0.521000 0.429000 
0.760063 0.984876 0.000041 0.000005 0.115481 1.000000 0.000310 0.538462 0.007405 0.016381 0.521000 0.785000 
0.760075 0.984877 0.000012 0.000001 0.115172 1.000000 0.000310 0.538462 0.007405 0.016381 0.521000 1.000000 
0.761295 0.985006 0.001220 0.000129 0.105759 0.239949 0.000310 0.538462 0.007405 0.016381 1.000000 0.429000 
0.761939 0.985074 0.000644 0.000068 0.105550 0.505936 0.000310 0.538462 0.007405 0.016381 1.000000 0.429000 
0.762078 0.985089 0.000139 0.000015 0.105548 0.239949 0.000310 0.538462 0.007405 0.016381 1.000000 0.785000 
0.762151 0.985096 0.000073 0.000008 0.105340 0.505936 0.000310 0.538462 0.007405 0.016381 1.000000 0.785000 
0.762192 0.985101 0.000041 0.000004 0.105290 0.239949 0.000310 0.538462 0.007405 0.016381 1.000000 1.000000 
0.762213 0.985103 0.000022 0.000002 0.105082 0.505936 0.000310 0.538462 0.007405 0.016381 1.000000 1.000000 
0.762594 0.985143 0.000381 0.000040 0.104696 1.000000 0.000310 0.538462 0.007405 0.016381 1.000000 0.429000 
0.787744 0.987774 0.025150 0.002632 0.104633 0.239949 0.000310 1.000000 0.007405 0.016381 0.200000 0.429000 
0.787788 0.987779 0.000043 0.000005 0.104489 1.000000 0.000310 0.538462 0.007405 0.016381 1.000000 0.785000 
0.801068 0.989165 0.013280 0.001387 0.104428 0.505936 0.000310 1.000000 0.007405 0.016381 0.200000 0.429000 
0.803928 0.989464 0.002861 0.000299 0.104426 0.239949 0.000310 1.000000 0.007405 0.016381 0.200000 0.785000 
0.803941 0.989466 0.000013 0.000001 0.104236 1.000000 0.000310 0.538462 0.007405 0.016381 1.000000 1.000000 
0.805452 0.989623 0.001511 0.000157 0.104223 0.505936 0.000310 1.000000 0.007405 0.016381 0.200000 0.785000 
0.806292 0.989711 0.000840 0.000088 0.104174 0.239949 0.000310 1.000000 0.007405 0.016381 0.200000 1.000000 
0.806736 0.989757 0.000444 0.000046 0.103971 0.505936 0.000310 1.000000 0.007405 0.016381 0.200000 1.000000 
0.814592 0.990571 0.007857 0.000814 0.103592 1.000000 0.000310 1.000000 0.007405 0.016381 0.200000 0.429000 
0.815486 0.990663 0.000894 0.000092 0.103390 1.000000 0.000310 1.000000 0.007405 0.016381 0.200000 0.785000 
0.815748 0.990690 0.000262 0.000027 0.103142 1.000000 0.000310 1.000000 0.007405 0.016381 0.200000 1.000000 
0.849516 0.994148 0.033767 0.003458 0.102419 1.000000 0.001470 0.282051 0.002975 0.016381 0.200000 0.429000 
0.853357 0.994541 0.003841 0.000393 0.102221 1.000000 0.001470 0.282051 0.002975 0.016381 0.200000 0.785000 
0.854484 0.994656 0.001128 0.000115 0.101979 1.000000 0.001470 0.282051 0.002975 0.016381 0.200000 1.000000 
0.857004 0.994899 0.002520 0.000243 0.096241 1.000000 0.001470 0.538462 0.002975 0.016381 0.200000 0.429000 
0.857291 0.994926 0.000287 0.000028 0.096066 1.000000 0.001470 0.538462 0.002975 0.016381 0.200000 0.785000 
0.857375 0.994934 0.000084 0.000008 0.095852 1.000000 0.001470 0.538462 0.002975 0.016381 0.200000 1.000000 
0.860773 0.995254 0.003398 0.000319 0.093988 1.000000 0.001470 1.000000 0.002975 0.016381 0.200000 0.429000 
0.861159 0.995290 0.000386 0.000036 0.093821 1.000000 0.001470 1.000000 0.002975 0.016381 0.200000 0.785000 
0.861273 0.995300 0.000113 0.000011 0.093617 1.000000 0.001470 1.000000 0.002975 0.016381 0.200000 1.000000 
0.863255 0.995479 0.001982 0.000179 0.090206 0.239949 0.000310 1.000000 0.007405 0.016381 0.521000 0.429000 
0.864302 0.995573 0.001046 0.000094 0.090054 0.505936 0.000310 1.000000 0.007405 0.016381 0.521000 0.429000 
0.864527 0.995594 0.000225 0.000020 0.090053 0.239949 0.000310 1.000000 0.007405 0.016381 0.521000 0.785000 
0.864646 0.995604 0.000119 0.000011 0.089901 0.505936 0.000310 1.000000 0.007405 0.016381 0.521000 0.785000 
0.864712 0.995610 0.000066 0.000006 0.089865 0.239949 0.000310 1.000000 0.007405 0.016381 0.521000 1.000000 
0.864747 0.995614 0.000035 0.000003 0.089714 0.505936 0.000310 1.000000 0.007405 0.016381 0.521000 1.000000 
0.865366 0.995669 0.000618 0.000055 0.089432 1.000000 0.000310 1.000000 0.007405 0.016381 0.521000 0.429000 
0.865436 0.995675 0.000070 0.000006 0.089281 1.000000 0.000310 1.000000 0.007405 0.016381 0.521000 0.785000 
0.865456 0.995677 0.000021 0.000002 0.089096 1.000000 0.000310 1.000000 0.007405 0.016381 0.521000 1.000000 
0.868110 0.995912 0.002654 0.000235 0.088556 1.000000 0.001470 0.282051 0.002975 0.016381 0.521000 0.429000 
0.868412 0.995939 0.000302 0.000027 0.088408 1.000000 0.001470 0.282051 0.002975 0.016381 0.521000 0.785000 
0.868500 0.995946 0.000089 0.000008 0.088227 1.000000 0.001470 0.282051 0.002975 0.016381 0.521000 1.000000 
0.868697 0.995963 0.000196 0.000016 0.083899 1.000000 0.001470 0.538462 0.002975 0.016381 0.521000 0.429000 
0.868719 0.995965 0.000022 0.000002 0.083766 1.000000 0.001470 0.538462 0.002975 0.016381 0.521000 0.785000 
0.868726 0.995965 0.000007 0.000001 0.083604 1.000000 0.001470 0.538462 0.002975 0.016381 0.521000 1.000000 
0.870764 0.996135 0.002038 0.000170 0.083357 0.239949 0.000310 1.000000 0.007405 0.016381 1.000000 0.429000 
0.871839 0.996225 0.001076 0.000090 0.083227 0.505936 0.000310 1.000000 0.007405 0.016381 1.000000 0.429000 
0.872071 0.996244 0.000232 0.000019 0.083226 0.239949 0.000310 1.000000 0.007405 0.016381 1.000000 0.785000 
0.872193 0.996254 0.000122 0.000010 0.083096 0.505936 0.000310 1.000000 0.007405 0.016381 1.000000 0.785000 
0.872261 0.996260 0.000068 0.000006 0.083065 0.239949 0.000310 1.000000 0.007405 0.016381 1.000000 1.000000 
0.872297 0.996263 0.000036 0.000003 0.082936 0.505936 0.000310 1.000000 0.007405 0.016381 1.000000 1.000000 
0.872933 0.996315 0.000635 0.000053 0.082695 1.000000 0.000310 1.000000 0.007405 0.016381 1.000000 0.429000 
0.873005 0.996321 0.000072 0.000006 0.082566 1.000000 0.000310 1.000000 0.007405 0.016381 1.000000 0.785000 
0.873026 0.996323 0.000021 0.000002 0.082408 1.000000 0.000310 1.000000 0.007405 0.016381 1.000000 1.000000 
0.873290 0.996345 0.000264 0.000022 0.082182 1.000000 0.001470 1.000000 0.002975 0.016381 0.521000 0.429000 
0.873320 0.996347 0.000030 0.000002 0.082054 1.000000 0.001470 1.000000 0.002975 0.016381 0.521000 0.785000 
0.876044 0.996570 0.002724 0.000223 0.081946 1.000000 0.001470 0.282051 0.002975 0.016381 1.000000 0.429000 
0.876053 0.996571 0.000009 0.000001 0.081898 1.000000 0.001470 1.000000 0.002975 0.016381 0.521000 1.000000 
0.876363 0.996597 0.000310 0.000025 0.081819 1.000000 0.001470 0.282051 0.002975 0.016381 1.000000 0.785000 
0.876454 0.996604 0.000091 0.000007 0.081664 1.000000 0.001470 0.282051 0.002975 0.016381 1.000000 1.000000 
0.876655 0.996620 0.000201 0.000016 0.077942 1.000000 0.001470 0.538462 0.002975 0.016381 1.000000 0.429000 
0.876678 0.996621 0.000023 0.000002 0.077828 1.000000 0.001470 0.538462 0.002975 0.016381 1.000000 0.785000 
0.876684 0.996622 0.000007 0.000001 0.077687 1.000000 0.001470 0.538462 0.002975 0.016381 1.000000 1.000000 
0.876954 0.996643 0.000270 0.000021 0.076458 1.000000 0.001470 1.000000 0.002975 0.016381 1.000000 0.429000 
0.876985 0.996645 0.000031 0.000002 0.076348 1.000000 0.001470 1.000000 0.002975 0.016381 1.000000 0.785000 
0.876994 0.996646 0.000009 0.000001 0.076212 1.000000 0.001470 1.000000 0.002975 0.016381 1.000000 1.000000 
0.895295 0.997253 0.018302 0.000607 0.033168 0.239949 0.000310 0.538462 0.013468 0.016381 0.200000 0.429000 
0.904946 0.997573 0.009651 0.000320 0.033148 0.505936 0.000310 0.538462 0.013468 0.016381 0.200000 0.429000 
0.907025 0.997641 0.002079 0.000069 0.033147 0.239949 0.000310 0.538462 0.013468 0.016381 0.200000 0.785000 
0.908122 0.997678 0.001096 0.000036 0.033127 0.505936 0.000310 0.538462 0.013468 0.016381 0.200000 0.785000 
0.908731 0.997698 0.000610 0.000020 0.033122 0.239949 0.000310 0.538462 0.013468 0.016381 0.200000 1.000000 
0.909052 0.997709 0.000321 0.000011 0.033101 0.505936 0.000310 0.538462 0.013468 0.016381 0.200000 1.000000 
0.914731 0.997896 0.005678 0.000188 0.033063 1.000000 0.000310 0.538462 0.013468 0.016381 0.200000 0.429000 
0.915376 0.997918 0.000645 0.000021 0.033042 1.000000 0.000310 0.538462 0.013468 0.016381 0.200000 0.785000 
0.915565 0.997924 0.000189 0.000006 0.033017 1.000000 0.000310 0.538462 0.013468 0.016381 0.200000 1.000000 
0.916872 0.997965 0.001307 0.000041 0.031568 0.239949 0.000310 0.538462 0.013468 0.016381 0.521000 0.429000 
0.917561 0.997987 0.000689 0.000022 0.031549 0.505936 0.000310 0.538462 0.013468 0.016381 0.521000 0.429000 
0.917709 0.997992 0.000148 0.000005 0.031549 0.239949 0.000310 0.538462 0.013468 0.016381 0.521000 0.785000 
0.917787 0.997994 0.000078 0.000002 0.031530 0.505936 0.000310 0.538462 0.013468 0.016381 0.521000 0.785000 
0.917831 0.997995 0.000044 0.000001 0.031526 0.239949 0.000310 0.538462 0.013468 0.016381 0.521000 1.000000 
0.917854 0.997996 0.000023 0.000001 0.031507 0.505936 0.000310 0.538462 0.013468 0.016381 0.521000 1.000000 
0.918259 0.998009 0.000405 0.000013 0.031472 1.000000 0.000310 0.538462 0.013468 0.016381 0.521000 0.429000 
0.918305 0.998010 0.000046 0.000001 0.031454 1.000000 0.000310 0.538462 0.013468 0.016381 0.521000 0.785000 
0.918319 0.998011 0.000013 0.000000 0.031431 1.000000 0.000310 0.538462 0.013468 0.016381 0.521000 1.000000 
0.919596 0.998050 0.001277 0.000039 0.030685 0.239949 0.000310 0.538462 0.013468 0.016381 1.000000 0.429000 
0.920269 0.998071 0.000673 0.000021 0.030668 0.505936 0.000310 0.538462 0.013468 0.016381 1.000000 0.429000 
0.920414 0.998075 0.000145 0.000004 0.030668 0.239949 0.000310 0.538462 0.013468 0.016381 1.000000 0.785000 
0.920491 0.998077 0.000076 0.000002 0.030650 0.505936 0.000310 0.538462 0.013468 0.016381 1.000000 0.785000 
0.920533 0.998079 0.000043 0.000001 0.030646 0.239949 0.000310 0.538462 0.013468 0.016381 1.000000 1.000000 
0.920556 0.998079 0.000022 0.000001 0.030628 0.505936 0.000310 0.538462 0.013468 0.016381 1.000000 1.000000 
0.920952 0.998091 0.000396 0.000012 0.030595 1.000000 0.000310 0.538462 0.013468 0.016381 1.000000 0.429000 
0.920997 0.998093 0.000045 0.000001 0.030578 1.000000 0.000310 0.538462 0.013468 0.016381 1.000000 0.785000 
0.921010 0.998093 0.000013 0.000000 0.030556 1.000000 0.000310 0.538462 0.013468 0.016381 1.000000 1.000000 
0.953927 0.998893 0.032917 0.000799 0.024287 0.239949 0.000310 1.000000 0.013468 0.016381 0.200000 0.429000 
0.971282 0.999314 0.017355 0.000421 0.024276 0.505936 0.000310 1.000000 0.013468 0.016381 0.200000 0.429000 
0.975021 0.999405 0.003739 0.000091 0.024275 0.239949 0.000310 1.000000 0.013468 0.016381 0.200000 0.785000 
0.976992 0.999453 0.001971 0.000048 0.024264 0.505936 0.000310 1.000000 0.013468 0.016381 0.200000 0.785000 
0.978088 0.999479 0.001096 0.000027 0.024262 0.239949 0.000310 1.000000 0.013468 0.016381 0.200000 1.000000 
0.978666 0.999493 0.000578 0.000014 0.024251 0.505936 0.000310 1.000000 0.013468 0.016381 0.200000 1.000000 
0.988870 0.999740 0.010204 0.000247 0.024230 1.000000 0.000310 1.000000 0.013468 0.016381 0.200000 0.429000 
0.990030 0.999768 0.001159 0.000028 0.024219 1.000000 0.000310 1.000000 0.013468 0.016381 0.200000 0.785000 
0.990369 0.999777 0.000340 0.000008 0.024205 1.000000 0.000310 1.000000 0.013468 0.016381 0.200000 1.000000 
0.992689 0.999831 0.002320 0.000054 0.023417 0.239949 0.000310 1.000000 0.013468 0.016381 0.521000 0.429000 
0.993912 0.999860 0.001223 0.000029 0.023407 0.505936 0.000310 1.000000 0.013468 0.016381 0.521000 0.429000 
0.994175 0.999866 0.000263 0.000006 0.023407 0.239949 0.000310 1.000000 0.013468 0.016381 0.521000 0.785000 
0.994314 0.999869 0.000139 0.000003 0.023397 0.505936 0.000310 1.000000 0.013468 0.016381 0.521000 0.785000 
0.994392 0.999871 0.000077 0.000002 0.023394 0.239949 0.000310 1.000000 0.013468 0.016381 0.521000 1.000000 
0.994432 0.999872 0.000041 0.000001 0.023384 0.505936 0.000310 1.000000 0.013468 0.016381 0.521000 1.000000 
0.995151 0.999889 0.000719 0.000017 0.023365 1.000000 0.000310 1.000000 0.013468 0.016381 0.521000 0.429000 
0.995233 0.999890 0.000082 0.000002 0.023354 1.000000 0.000310 1.000000 0.013468 0.016381 0.521000 0.785000 
0.995257 0.999891 0.000024 0.000001 0.023342 1.000000 0.000310 1.000000 0.013468 0.016381 0.521000 1.000000 
0.997508 0.999943 0.002251 0.000052 0.022928 0.239949 0.000310 1.000000 0.013468 0.016381 1.000000 0.429000 
0.998695 0.999970 0.001187 0.000027 0.022918 0.505936 0.000310 1.000000 0.013468 0.016381 1.000000 0.429000 
0.998950 0.999976 0.000256 0.000006 0.022918 0.239949 0.000310 1.000000 0.013468 0.016381 1.000000 0.785000 
0.999085 0.999979 0.000135 0.000003 0.022908 0.505936 0.000310 1.000000 0.013468 0.016381 1.000000 0.785000 
0.999160 0.999980 0.000075 0.000002 0.022906 0.239949 0.000310 1.000000 0.013468 0.016381 1.000000 1.000000 
0.999199 0.999981 0.000040 0.000001 0.022896 0.505936 0.000310 1.000000 0.013468 0.016381 1.000000 1.000000 
0.999897 0.999997 0.000698 0.000016 0.022878 1.000000 0.000310 1.000000 0.013468 0.016381 1.000000 0.429000 
0.999976 0.999999 0.000079 0.000002 0.022868 1.000000 0.000310 1.000000 0.013468 0.016381 1.000000 0.785000 
1.000000 1.000000 0.000023 0.000001 0.022856 1.000000 0.000310 1.000000 0.013468 0.016381 1.000000 1.000000 
